Cognitive/Social
60	61	63	64	65	66	67	68	69	69	70	70	71	72	73	73	74	75	77	78	79	80	82	83	84	87	90	91	92	92	92	93	94	96	97	98	99	100	102	104	107	108	109	111	113	116	117	119	121	124	131
58	60	62	63	64	65	66	68	69	69	70	70	71	71	72	72	73	74	75	76	78	79	80	82	83	84	85	86	86	86	88	90	91	93	95	96	98	99	101	103	106	107	108	111	113	116	117	118	120	123	129
53	58	60	62	65	68	68	69	69	70	70	71	72	72	72	73	74	75	76	77	77	78	79	80	81	83	85	87	88	89	89	90	91	91	92	93	94	96	97	98	100	10	104	105	108	110	113	116	118	121	128
40	41	43	45	50	55	57	58	58	59	60	61	62	63	64	64	65	66	68	69	70	72	73	73	75	76	77	78	78	79	81	82	83	84	84	86	87	89	90	92	93	95	97	99	101	103	105	107	111	116	125
Emotions/Regulation
60	61	62	63	64	65	66	66	67	68	70	71	72	73	74	74	75	76	76	76	77	77	78	79	79	81	82	83	84	84	84	85	85	86	86	87	87	88	89	90	91	92	93	94	96	98	100	102	103	106	109	113	122
58	59	60	61	62	63	64	65	66	67	69	70	71	72	73	73	74	75	75	75	76	76	77	78	79	81	82	83	84	84	84	85	85	85	86	86	86	86	86	87	88	88	89	90	93	95	97	100	102	105	108	112	121
43	46	56	59	61	62	63	63	65	68	70	70	71	71	72	72	73	73	73	74	74	75	75	76	76	77	79	81	82	82	82	83	84	84	84	84	85	85	85	86	86	87	89	90	92	94	96	98	100	103	106	110	119
40	45	55	57	59	60	61	62	63	64	65	66	67	67	68	69	69	70	70	71	71	71	71	72	72	73	74	74	75	75	76	76	77	78	79	79	80	81	82	83	84	85	87	88	90	92	94	96	99	101	104	109	119
