Attention
2	4	4	4	5	5	5	6	6	7	8	8	9	10	10	10	10	10	10
2	4	4	4	5	5	5	6	6	7	8	8	9	10	10	10	10	10	10
2	3	4	4	5	5	5	6	6	7	8	8	9	9	10	10	10	10	10
2	3	3	3	4	5	5	6	6	6	7	7	8	9	9	10	10	10	10
Activity Level
3	5	5	6	7	7	8	9	10	10	10
3	5	5	6	7	7	8	9	10	10	10
3	4	5	5	6	7	8	9	9	10	10
2	3	4	4	5	6	6	7	8	10	10
Impulsivity
3	5	6	7	8	9	10	10	10	10	10
3	5	6	7	8	9	10	10	10	10	10
3	5	6	6	7	8	9	10	10	10	10
1	2	3	4	5	6	7	8	9	10	10
Adaptation
4	5	6	7	8	10	10
4	5	6	7	8	10	10
3	4	5	7	8	9	10
1	2	4	6	7	9	10
Moods & Confidence
2	3	4	4	4	4	4	5	5	6	6	7	7	7	8	8	9	9	10	10	10
2	3	4	4	4	4	4	5	5	6	6	7	7	7	8	8	9	9	10	10	10
2	3	4	4	4	4	4	5	5	5	6	7	7	7	7	8	8	9	10	10	10
1	2	3	3	3	3	3	4	4	5	5	6	6	6	7	7	8	9	10	10	10
Energy & Feelings
3	4	4	5	6	7	7	8	10
3	4	4	5	6	7	7	8	10
2	3	3	4	5	6	7	8	10
1	2	2	3	4	5	6	8	10
Social Abilities
2	4	4	4	5	5	5	6	6	7	8	8	9	10	10	10	10	10	10
2	4	4	4	5	5	5	6	6	7	8	8	9	10	10	10	10	10	10
2	3	4	4	5	5	5	6	6	7	8	8	9	9	10	10	10	10	10
2	3	3	3	4	5	5	6	6	6	7	7	8	9	9	10	10	10	10
Sensitivity & Regulation
3	4	4	5	5	5	5	5	6	6	7	7	7	7	8	9	9	10	10
3	4	4	5	5	5	5	5	6	6	7	7	7	7	8	9	9	10	10
3	4	4	4	4	5	5	5	5	6	6	7	7	7	7	8	9	10	10
2	3	4	4	4	4	4	4	4	4	5	5	5	6	6	7	8	9	10
